2.081200000000000000e+04
1.591200000000000000e+04
6.108000000000000000e+03
6.056000000000000000e+03
6.348000000000000000e+03
5.590000000000000000e+03
7.465000000000000000e+03
1.911000000000000000e+04
1.070000000000000000e+04
6.803000000000000000e+03
3.776000000000000000e+03
5.718000000000000000e+03
6.212000000000000000e+03
8.424000000000000000e+03
1.310800000000000000e+04
1.523600000000000000e+04
5.267000000000000000e+03
3.678000000000000000e+03
1.148000000000000000e+03
8.136000000000000000e+03
7.710000000000000000e+03
1.954000000000000000e+03
2.932000000000000000e+03
1.516000000000000000e+03
4.730000000000000000e+03
7.871000000000000000e+03
2.199000000000000000e+03
5.750000000000000000e+03
3.268000000000000000e+03
4.211000000000000000e+03
3.856000000000000000e+03
5.656000000000000000e+03
4.429000000000000000e+03
5.490000000000000000e+02
4.164000000000000000e+03
3.448000000000000000e+03
4.605000000000000000e+03
5.594000000000000000e+03
4.034000000000000000e+03
5.228000000000000000e+03
4.507000000000000000e+03
3.316000000000000000e+03
4.580000000000000000e+03
5.881000000000000000e+03
5.095000000000000000e+03
5.235000000000000000e+03
9.934000000000000000e+03
3.367000000000000000e+03
6.693000000000000000e+03
2.343000000000000000e+03
5.720000000000000000e+03
4.384000000000000000e+03
3.984000000000000000e+03
2.599000000000000000e+03
3.910000000000000000e+03
3.047000000000000000e+03
3.006000000000000000e+03
7.804000000000000000e+03
6.573000000000000000e+03
4.540000000000000000e+02
3.098000000000000000e+03
2.159000000000000000e+03
3.726000000000000000e+03
6.431000000000000000e+03
2.446000000000000000e+03
2.566000000000000000e+03
1.378000000000000000e+03
3.311000000000000000e+03
5.607000000000000000e+03
2.651000000000000000e+03
3.053000000000000000e+03
2.642000000000000000e+03
3.077000000000000000e+03
3.696000000000000000e+03
4.479000000000000000e+03
2.397000000000000000e+03
3.459000000000000000e+03
3.230000000000000000e+03
2.821000000000000000e+03
2.142000000000000000e+03
2.311000000000000000e+03
3.478000000000000000e+03
3.033000000000000000e+03
4.563000000000000000e+03
2.083000000000000000e+03
3.504000000000000000e+03
4.691000000000000000e+03
2.225000000000000000e+03
8.820000000000000000e+02
9.440000000000000000e+02
3.556000000000000000e+03
1.854000000000000000e+03
9.080000000000000000e+02
2.165000000000000000e+03
4.802000000000000000e+03
8.412000000000000000e+03
4.167000000000000000e+03
4.682000000000000000e+03
8.399000000000000000e+03
3.738000000000000000e+03
2.205000000000000000e+03
4.247000000000000000e+03
2.736000000000000000e+03
3.097000000000000000e+03
1.936000000000000000e+03
1.399000000000000000e+03
2.921000000000000000e+03
4.434000000000000000e+03
2.354000000000000000e+03
3.285000000000000000e+03
2.681000000000000000e+03
4.291000000000000000e+03
2.445000000000000000e+03
5.716000000000000000e+03
1.975000000000000000e+03
3.502000000000000000e+03
3.203000000000000000e+03
3.206000000000000000e+03
2.418000000000000000e+03
1.659000000000000000e+03
4.908000000000000000e+03
2.997000000000000000e+03
2.553000000000000000e+03
1.822000000000000000e+03
2.247000000000000000e+03
1.374000000000000000e+03
2.811000000000000000e+03
4.168000000000000000e+03
2.255000000000000000e+03
1.878000000000000000e+03
1.243000000000000000e+03
3.141000000000000000e+03
4.087000000000000000e+03
9.240000000000000000e+02
1.639000000000000000e+03
2.744000000000000000e+03
2.515000000000000000e+03
2.843000000000000000e+03
3.521000000000000000e+03
2.055000000000000000e+03
3.094000000000000000e+03
2.604000000000000000e+03
3.019000000000000000e+03
2.819000000000000000e+03
3.460000000000000000e+03
2.591000000000000000e+03
2.771000000000000000e+03
1.814000000000000000e+03
2.198000000000000000e+03
4.012000000000000000e+03
2.287000000000000000e+03
2.112000000000000000e+03
3.704000000000000000e+03
1.609000000000000000e+03
2.008000000000000000e+03
1.996000000000000000e+03
5.707000000000000000e+03
5.150000000000000000e+03
1.817000000000000000e+03
6.657000000000000000e+03
5.030000000000000000e+02
1.859000000000000000e+03
2.580000000000000000e+03
3.329000000000000000e+03
3.068000000000000000e+03
2.864000000000000000e+03
3.770000000000000000e+03
3.226000000000000000e+03
2.372000000000000000e+03
2.057000000000000000e+03
1.779000000000000000e+03
3.110000000000000000e+03
1.931000000000000000e+03
3.115000000000000000e+03
2.300000000000000000e+03
2.500000000000000000e+03
4.243000000000000000e+03
1.900000000000000000e+03
1.663000000000000000e+03
2.434000000000000000e+03
4.431000000000000000e+03
1.715000000000000000e+03
3.112000000000000000e+03
3.032000000000000000e+03
3.063000000000000000e+03
1.828000000000000000e+03
1.602000000000000000e+03
4.318000000000000000e+03
7.880000000000000000e+02
1.492000000000000000e+03
2.219000000000000000e+03
1.883000000000000000e+03
3.117000000000000000e+03
1.873000000000000000e+03
