7.598800000000000000e+04
1.280350000000000000e+05
1.346210000000000000e+05
1.081580000000000000e+05
1.248640000000000000e+05
9.692600000000000000e+04
8.940200000000000000e+04
9.089500000000000000e+04
7.507700000000000000e+04
7.657900000000000000e+04
6.096000000000000000e+04
1.266270000000000000e+05
1.250730000000000000e+05
1.017960000000000000e+05
1.038350000000000000e+05
1.013580000000000000e+05
1.293720000000000000e+05
1.072440000000000000e+05
1.060400000000000000e+05
1.129020000000000000e+05
1.295310000000000000e+05
1.107890000000000000e+05
9.941200000000000000e+04
1.116320000000000000e+05
1.096080000000000000e+05
7.423600000000000000e+04
9.201100000000000000e+04
6.901700000000000000e+04
9.882900000000000000e+04
1.029320000000000000e+05
1.112090000000000000e+05
9.369800000000000000e+04
1.034960000000000000e+05
0.000000000000000000e+00
1.152940000000000000e+05
4.950100000000000000e+04
9.881600000000000000e+04
9.901200000000000000e+04
9.254800000000000000e+04
8.994900000000000000e+04
1.044560000000000000e+05
1.199800000000000000e+05
1.266630000000000000e+05
9.585200000000000000e+04
1.047190000000000000e+05
9.830000000000000000e+04
9.475600000000000000e+04
9.973200000000000000e+04
1.303230000000000000e+05
4.085400000000000000e+04
3.022700000000000000e+04
1.140800000000000000e+05
1.163430000000000000e+05
1.135720000000000000e+05
1.090710000000000000e+05
1.294180000000000000e+05
9.214600000000000000e+04
7.422200000000000000e+04
1.172500000000000000e+05
2.645100000000000000e+04
1.107700000000000000e+05
1.363730000000000000e+05
1.133330000000000000e+05
9.089600000000000000e+04
1.324470000000000000e+05
1.237460000000000000e+05
8.697500000000000000e+04
1.152480000000000000e+05
1.169050000000000000e+05
1.149930000000000000e+05
1.335430000000000000e+05
1.318850000000000000e+05
1.162940000000000000e+05
1.146700000000000000e+05
1.417510000000000000e+05
9.655900000000000000e+04
1.237390000000000000e+05
1.346230000000000000e+05
1.206310000000000000e+05
1.321890000000000000e+05
1.167640000000000000e+05
9.342600000000000000e+04
1.160150000000000000e+05
1.220380000000000000e+05
1.000970000000000000e+05
1.007280000000000000e+05
1.294780000000000000e+05
1.408900000000000000e+05
1.070980000000000000e+05
9.985500000000000000e+04
9.899500000000000000e+04
9.808900000000000000e+04
9.087100000000000000e+04
1.112340000000000000e+05
7.649900000000000000e+04
9.425200000000000000e+04
1.279090000000000000e+05
9.150500000000000000e+04
1.343020000000000000e+05
1.418870000000000000e+05
1.149970000000000000e+05
1.414290000000000000e+05
1.381330000000000000e+05
1.396630000000000000e+05
1.021260000000000000e+05
9.767100000000000000e+04
1.530460000000000000e+05
1.142160000000000000e+05
8.018200000000000000e+04
9.252300000000000000e+04
1.450780000000000000e+05
1.098240000000000000e+05
9.135600000000000000e+04
7.615400000000000000e+04
1.366720000000000000e+05
1.202480000000000000e+05
1.315820000000000000e+05
9.791200000000000000e+04
1.497260000000000000e+05
9.235500000000000000e+04
1.179500000000000000e+05
7.790000000000000000e+04
1.081070000000000000e+05
1.095190000000000000e+05
9.211300000000000000e+04
1.050220000000000000e+05
7.951600000000000000e+04
1.332600000000000000e+05
8.793400000000000000e+04
1.107420000000000000e+05
1.014750000000000000e+05
1.171150000000000000e+05
1.056920000000000000e+05
1.010230000000000000e+05
1.295740000000000000e+05
7.808800000000000000e+04
1.132620000000000000e+05
8.752100000000000000e+04
1.333570000000000000e+05
9.348000000000000000e+04
9.090500000000000000e+04
1.227840000000000000e+05
1.339150000000000000e+05
7.901900000000000000e+04
1.140110000000000000e+05
1.080440000000000000e+05
1.182730000000000000e+05
8.769600000000000000e+04
1.157590000000000000e+05
1.429700000000000000e+05
8.216000000000000000e+04
7.406300000000000000e+04
1.192760000000000000e+05
1.302520000000000000e+05
1.297930000000000000e+05
8.490300000000000000e+04
1.587860000000000000e+05
1.461670000000000000e+05
4.652600000000000000e+04
1.164100000000000000e+05
5.436600000000000000e+04
1.052230000000000000e+05
9.581500000000000000e+04
1.165250000000000000e+05
1.035380000000000000e+05
8.975100000000000000e+04
1.053030000000000000e+05
1.273890000000000000e+05
1.108630000000000000e+05
1.111830000000000000e+05
1.596860000000000000e+05
1.488000000000000000e+05
1.368600000000000000e+05
1.333700000000000000e+05
1.282570000000000000e+05
1.211420000000000000e+05
9.883300000000000000e+04
1.425940000000000000e+05
1.343740000000000000e+05
8.536800000000000000e+04
1.138080000000000000e+05
1.194290000000000000e+05
1.212120000000000000e+05
9.475300000000000000e+04
1.215640000000000000e+05
1.195570000000000000e+05
1.252470000000000000e+05
8.098500000000000000e+04
1.045950000000000000e+05
7.360800000000000000e+04
8.851200000000000000e+04
1.300480000000000000e+05
1.154660000000000000e+05
1.142350000000000000e+05
