8.241000000000000000e+03
4.117000000000000000e+03
1.979000000000000000e+03
2.499000000000000000e+03
1.819000000000000000e+03
2.684000000000000000e+03
2.356000000000000000e+03
3.609000000000000000e+03
2.217000000000000000e+03
1.729000000000000000e+03
1.342000000000000000e+03
2.111000000000000000e+03
1.972000000000000000e+03
2.496000000000000000e+03
3.833000000000000000e+03
5.465000000000000000e+03
1.666000000000000000e+03
1.432000000000000000e+03
1.897000000000000000e+03
2.843000000000000000e+03
2.263000000000000000e+03
1.120000000000000000e+03
1.394000000000000000e+03
1.162000000000000000e+03
2.059000000000000000e+03
2.941000000000000000e+03
1.454000000000000000e+03
2.139000000000000000e+03
1.470000000000000000e+03
1.373000000000000000e+03
1.721000000000000000e+03
1.639000000000000000e+03
1.472000000000000000e+03
2.860000000000000000e+02
1.655000000000000000e+03
1.297000000000000000e+03
1.844000000000000000e+03
2.726000000000000000e+03
1.799000000000000000e+03
1.942000000000000000e+03
1.824000000000000000e+03
1.352000000000000000e+03
1.793000000000000000e+03
2.701000000000000000e+03
1.929000000000000000e+03
2.306000000000000000e+03
3.624000000000000000e+03
1.650000000000000000e+03
1.661000000000000000e+03
1.539000000000000000e+03
4.164000000000000000e+03
1.863000000000000000e+03
1.550000000000000000e+03
1.278000000000000000e+03
1.460000000000000000e+03
1.615000000000000000e+03
1.595000000000000000e+03
2.072000000000000000e+03
2.516000000000000000e+03
1.052000000000000000e+03
1.092000000000000000e+03
1.300000000000000000e+03
1.692000000000000000e+03
2.620000000000000000e+03
1.603000000000000000e+03
1.476000000000000000e+03
8.930000000000000000e+02
1.652000000000000000e+03
1.765000000000000000e+03
1.464000000000000000e+03
8.020000000000000000e+02
1.299000000000000000e+03
1.142000000000000000e+03
1.353000000000000000e+03
1.540000000000000000e+03
1.502000000000000000e+03
1.569000000000000000e+03
1.590000000000000000e+03
1.377000000000000000e+03
1.362000000000000000e+03
1.213000000000000000e+03
1.436000000000000000e+03
1.410000000000000000e+03
1.706000000000000000e+03
1.528000000000000000e+03
5.260000000000000000e+02
1.248000000000000000e+03
8.970000000000000000e+02
8.240000000000000000e+02
9.180000000000000000e+02
1.812000000000000000e+03
9.750000000000000000e+02
8.970000000000000000e+02
1.141000000000000000e+03
2.025000000000000000e+03
2.083000000000000000e+03
1.540000000000000000e+03
1.460000000000000000e+03
2.726000000000000000e+03
9.590000000000000000e+02
1.000000000000000000e+03
1.118000000000000000e+03
1.315000000000000000e+03
1.052000000000000000e+03
1.306000000000000000e+03
1.079000000000000000e+03
1.027000000000000000e+03
7.260000000000000000e+02
1.065000000000000000e+03
1.275000000000000000e+03
9.010000000000000000e+02
1.421000000000000000e+03
1.179000000000000000e+03
1.855000000000000000e+03
9.590000000000000000e+02
1.338000000000000000e+03
7.620000000000000000e+02
5.210000000000000000e+02
5.030000000000000000e+02
3.040000000000000000e+02
7.270000000000000000e+02
7.080000000000000000e+02
1.164000000000000000e+03
1.053000000000000000e+03
1.023000000000000000e+03
9.320000000000000000e+02
9.600000000000000000e+02
1.381000000000000000e+03
9.520000000000000000e+02
1.181000000000000000e+03
1.016000000000000000e+03
1.216000000000000000e+03
1.581000000000000000e+03
7.660000000000000000e+02
1.090000000000000000e+03
1.265000000000000000e+03
1.130000000000000000e+03
1.244000000000000000e+03
1.302000000000000000e+03
7.790000000000000000e+02
1.003000000000000000e+03
1.237000000000000000e+03
1.149000000000000000e+03
1.616000000000000000e+03
1.489000000000000000e+03
1.392000000000000000e+03
1.368000000000000000e+03
1.269000000000000000e+03
9.660000000000000000e+02
1.018000000000000000e+03
1.018000000000000000e+03
6.580000000000000000e+02
1.069000000000000000e+03
5.490000000000000000e+02
1.124000000000000000e+03
1.063000000000000000e+03
5.560000000000000000e+02
1.065000000000000000e+03
9.560000000000000000e+02
1.977000000000000000e+03
8.740000000000000000e+02
1.196000000000000000e+03
1.255000000000000000e+03
1.136000000000000000e+03
1.372000000000000000e+03
1.367000000000000000e+03
1.235000000000000000e+03
1.359000000000000000e+03
9.960000000000000000e+02
9.320000000000000000e+02
1.098000000000000000e+03
9.560000000000000000e+02
1.192000000000000000e+03
1.360000000000000000e+03
1.058000000000000000e+03
1.109000000000000000e+03
1.056000000000000000e+03
1.392000000000000000e+03
1.202000000000000000e+03
1.004000000000000000e+03
1.069000000000000000e+03
1.367000000000000000e+03
6.750000000000000000e+02
1.154000000000000000e+03
1.037000000000000000e+03
1.190000000000000000e+03
7.400000000000000000e+02
8.220000000000000000e+02
1.559000000000000000e+03
6.510000000000000000e+02
5.110000000000000000e+02
6.230000000000000000e+02
2.300000000000000000e+02
6.360000000000000000e+02
