8336.00
4224.00
2018.00
2555.00
1872.00
2697.00
2361.00
3740.00
2266.00
1711.00
1349.00
2141.00
1950.00
2513.00
3863.00
5612.00
1713.00
1438.00
1795.00
2899.00
2308.00
1090.00
1404.00
1156.00
2038.00
3019.00
1468.00
2160.00
1452.00
1373.00
1735.00
1646.00
1518.00
361.00
1638.00
1305.00
1847.00
2718.00
1797.00
1949.00
1794.00
1372.00
1744.00
2737.00
1950.00
2308.00
3683.00
1669.00
1611.00
1549.00
4143.00
1855.00
1533.00
1260.00
1458.00
1557.00
1660.00
2069.00
2564.00
1017.00
1136.00
1258.00
1668.00
2666.00
1585.00
1458.00
937.00
1651.00
1753.00
1443.00
816.00
1289.00
1140.00
1330.00
1540.00
1473.00
1562.00
1579.00
1374.00
1336.00
1238.00
1424.00
1449.00
1720.00
1514.00
532.00
1272.00
839.00
809.00
901.00
1889.00
883.00
903.00
1165.00
2057.00
2125.00
1552.00
1503.00
2804.00
961.00
1001.00
1119.00
1308.00
1024.00
1252.00
1063.00
1023.00
752.00
1035.00
1316.00
913.00
1390.00
1149.00
1895.00
926.00
1369.00
756.00
496.00
452.00
305.00
728.00
656.00
1147.00
1018.00
1042.00
905.00
914.00
1422.00
954.00
1152.00
935.00
1210.00
1527.00
765.00
1102.00
1269.00
1026.00
1243.00
1262.00
786.00
898.00
1232.00
1185.00
1627.00
1461.00
1414.00
1426.00
1271.00
991.00
1000.00
1032.00
660.00
1074.00
538.00
1028.00
1046.00
582.00
1063.00
884.00
2035.00
845.00
1162.00
1228.00
1159.00
1364.00
1388.00
1236.00
1354.00
992.00
917.00
1099.00
920.00
1183.00
1358.00
1027.00
1071.00
1032.00
1399.00
1197.00
989.00
1055.00
1361.00
668.00
1126.00
1007.00
1179.00
732.00
778.00
1549.00
597.00
492.00
624.00
246.00
665.00
